#
# This matrix was created by Todd Lowe   12/10/92
#
# Uses ambiguous nucleotide codes, probabilities rounded to
#  nearest integer
#
# Lowest score = -4, Highest score = 5
#
    A   T   G   C   S   W   R   Y   K   M   B   V   H   D   N   U
A   4  -6  -6  -6  -4   1   1  -4  -4   1  -4  -1  -1  -1   0  -4
T  -6   4  -6  -6  -4   1  -4   1   1  -4  -1  -4  -1  -1   0   5
G  -6  -6   4  -6   1  -4   1  -4   1  -4  -1  -1  -4  -1   0  -4
C  -6  -6  -6   4   1  -4  -4   1  -4   1  -1  -1  -1  -4   0  -4
S  -4  -4   1   1  -1  -4  -2  -2  -2  -2  -1  -1  -3  -3   0  -4
W   1   1  -4  -4  -4  -1  -2  -2  -2  -2  -3  -3  -1  -1   0   1
R   1  -4   1  -4  -2  -2  -1  -4  -2  -2  -3  -1  -3  -1   0  -4
Y  -4   1  -4   1  -2  -2  -4  -1  -2  -2  -1  -3  -1  -3   0   1
K  -4   1   1  -4  -2  -2  -2  -2  -1  -4  -1  -3  -3  -1   0   1
M   1  -4  -4   1  -2  -2  -2  -2  -4  -1  -3  -1  -1  -3   0  -4
B  -4  -1  -1  -1  -1  -3  -3  -1  -1  -3  -1  -2  -2  -2   0  -1
V  -1  -4  -1  -1  -1  -3  -1  -3  -3  -1  -2  -1  -2  -2   0  -4
H  -1  -1  -4  -1  -3  -1  -3  -1  -3  -1  -2  -2  -1  -2   0  -1
D  -1  -1  -1  -4  -3  -1  -1  -3  -1  -3  -2  -2  -2  -1   0  -1
N   0   0   0   0   0   0   0   0   0   0   0   0   0   0   0   0
U  -4   5  -4  -4  -4   1  -4   1   1  -4  -1  -4  -1  -1   0   5
